3880387060 2052152805 97611299
2442736538 3295723734 10591308
3014234548 3058886861 44150293
2722522139 3413370195 153277538
2877652345 3226748198 68975536
678696757 79205913 5515453
3758528684 3103037154 121858376
3648288667 2533118408 110240017
3457871155 4266074310 28892986
2176930761 3905620500 135283057
2312213818 2369019482 56130623
2875799677 3224895530 1852668
2052152805 3780842544 124777956
2598433171 3306315042 56382802
1279041455 278559111 48074772
2964261570 2302916483 49972978
344154771 1539624544 79809331
1030322972 1619433875 248718483
1905012367 1868152358 115533200
105230362 326633883 51970437
4085966662 2880778716 178108145
684212210 1466450827 73173717
919250672 396737705 108684083
868993622 1215278638 50257050
2962757902 2879275048 1503668
1847630888 378604320 18133385
3232700402 4040903557 225170753
2575587736 3390524760 22845435
3977998359 2425150105 107968303
3058384841 3362697844 27826916
789787709 0 79205913
4264074807 2272023994 30892489
3114006964 3594442940 118693438
460824111 202771015 75788096
423964102 1983685558 36860009
2946627881 2352889461 16130021
157200799 505421788 186953972
3486764141 2717750522 161524526
1027934755 692375760 2388217
2453327846 2149764104 122259890
2368344441 2643358425 74392097
0 1407620238 58830589
2654815973 3713136378 67706166
1865764273 117123148 39248094
3086211757 3566647733 27795207
58830589 156371242 46399773
536612207 1265535688 142084550
757385927 84721366 32401782
1327116227 694763977 520514661