3941111261 382813357 83783792
4083751028 2792620142 62769876
2924924808 517646744 141124785
10073304 296361721 86451636
2112077648 3356571260 325360811
2097723771 930487406 14353877
1038821361 2233157447 330985253
1604981575 0 157737476
4232208439 2231398376 1759071
3126943010 2564142700 228477442
3355420452 3681932071 528033316
3066049593 1302213021 60893417
2893234140 1091417457 31690668
4146520904 1005729922 85687535
764412615 658771529 271715877
4024895053 4212658256 21309254
1601614929 3144601228 3366646
2813498518 3276835638 79735622
0 944841283 10073304
3883453768 1363106438 57657493
1036128492 4209965387 2692869
1762719051 1160654846 141558175
2437438459 157737476 138624245
96524940 1420763931 667887675
2576062704 3147967874 128867764
1904277226 2855390018 50699775
1420621949 2906089793 129943385
1550565334 466597149 51049595
2704930468 3036033178 108568050
4046204307 1123108125 37546721
1369806614 954914587 50815335
1954977001 2088651606 142746770