2977255263 3423361099 161177662
3464809483 1524036300 40280620
1278969303 2583891002 282823382
3766263020 1796922321 171061976
411885923 23002578 152894367
564780290 442452799 75000259
2421385924 1454220354 69815946
3348169880 3014668733 58677303
903828313 1975611534 37514769
3406847183 1396258054 57962300
4043490501 3171884304 251476795
941343082 2866714384 147954349
1089297431 1206586182 189671872
2891116902 3584538761 18778869
0 517453058 122327491
2491201870 932395829 274190353
388883345 0 23002578
3944952233 3073346036 98538268
3505090103 671222912 261172917
2073455492 2013126303 347930432
2909895771 2361056735 67359492
1561792685 3603317630 511662807
2765392223 2458166323 125724679
3168183021 4114980437 179986859
3138432925 2428416227 29750096
122327491 175896945 266555854
671222912 1564316920 232605401
3937324996 1967984297 7627237