3744493855 2753433800 53429527
3926657179 2806863327 207882975
567844723 1829271702 6392959
3797923382 3046866321 128733797
1711260618 465872733 110275892
2947786208 2530091374 223342426
2371290430 3335177849 39675908
1900678095 703125986 238513863
1521940365 941639849 16040471
979702084 962957535 519048585
2678536664 3987414423 22824189
316276095 2006380474 251568628
574237682 576148625 7838036
2512589774 2369848229 129456424
1821536510 386731148 79141585
659847979 2257949102 32337475
1498750669 0 23189696
2139191958 1482006120 151094619
2410966338 2361085516 8762713
248695366 629624702 67580729
1705983403 957680320 5277215
3436386005 3680199681 275987831
896869843 23189696 23822140
1540019357 265437244 43521643
3171128634 4029709925 265257371
700698880 1633100739 196170963
2659065351 4010238612 19471313
1660345362 583986661 45638041
2642046198 3175600118 17019153
4134540154 3966392426 21021997
145503080 1903188188 103192286
4155562151 3467714480 139405145
920691983 1844178087 59010101
2805227630 3192619271 142558578
692185454 1835664661 8513426
2732147574 3607119625 73080056
3712373836 3014746302 32120019
2361085516 3956187512 10204914
2701360853 2499304653 30786721
582075718 308958887 77772261
1583541000 188632882 76804362
3882034 47011836 141621046
0 699243952 3882034
1537980836 697205431 2038521
2419729051 3374853757 92860723