1121222108 519789808 4326619
1125548727 524116427 429792955
1052043895 3930896885 69178213
3210593080 0 36442681
1669405426 2787769857 138341045
1919839172 3142586910 277606697
2197445869 2466152271 321617586
1555341682 3816833141 114063744
3431283943 3092543143 50043767
3481327710 1975836414 28620233
136025352 1371812880 335069822
0 3420193607 136025352
2600375975 3610804829 206028312
3247035761 36442681 184248182
3676380184 1048117966 323694914
2519063455 966805446 81312520
483991238 1706882702 268953712
3509947943 2926110902 166432241
1862332341 2408645440 57506831
752944950 220690863 299098945
2806404287 2004456647 404188793
1807746471 3556218959 54585870
471095174 953909382 12896064